[DEFAULT]
hfName = "dome_rball1s"
u = 1256
v = 1184
fixtureAngle = 0
fixtureX = -0.497739070085476
fixtureZ = 1.8838529285469743
hfScale = 1
depth = 0.9

