[DEFAULT]
hfName = "gelpad_tri0s"
u = 1324
v = 970
fixtureAngle = -28.125
fixtureX = -1.5101779728833495
fixtureZ = -1.352591283777381
hfScale = -1
depth = 0.5

